1.113200617183198737e-01 1.068430923834297469e-01 1.187313455514856925e-01 5.354650546978463252e-03 4.820244718111817844e-02 3.506878533442486096e-02 4.972870518968502268e-02 7.478384590061504245e-02 1.098115609499726031e-01 8.370872829869152598e-02 1.009932070749083310e-01 2.282716339702033428e-02 9.695701907550971499e-02 3.566938739784078494e-02
6.694413447237915205e-02 1.163511961777304038e-01 1.792670237629025165e-02 1.188165658678602826e-01 1.054637683158427680e-01 6.409297740594949166e-02 2.708647281188849773e-02 1.154340832448910725e-01 4.982104748362160135e-02 7.002296709584679424e-02 3.971973089463298051e-02 1.224820933638929160e-01 4.067971016626428793e-02 4.515855032290951032e-02
2.445779159743587117e-02 6.621898848044215080e-02 2.909364869250518834e-02 9.529236975692594036e-02 1.484852084621090910e-02 1.367411514480946499e-01 2.687231208841082963e-02 3.295634885761247745e-02 1.198137674426225513e-01 1.397033532422544133e-01 1.213974769644617646e-01 5.333702897614370220e-02 9.383432337480479557e-02 4.543291823207493835e-02
1.028385048019311576e-01 5.203678998711901149e-02 1.139309624002939336e-01 7.975150541236267904e-03 7.087973132312885838e-02 7.064969741831916838e-02 3.394387288014299314e-02 4.864246234551108244e-02 9.911804996542218638e-02 9.135435213849889269e-02 1.154097828436469741e-01 6.101425705620654866e-02 4.135579695008530232e-03 1.280708066035343706e-01
5.818798612860238278e-02 8.394531443724553843e-02 4.233582199484730441e-02 1.334405163821381912e-01 7.081787583888517201e-02 6.988613627094057701e-02 9.046862205588918071e-02 1.448648305321208196e-01 1.334709866630221231e-01 4.036766562501455796e-02 5.218216702394402190e-02 2.241266714104837507e-02 1.399719551292347326e-02 4.362221439337865547e-02
2.003514583523813980e-02 1.183758369793805887e-01 1.335461991482629063e-01 2.466889920518565080e-02 8.747292127384620475e-03 1.904578356949618856e-01 1.127409626942234462e-02 1.346018845881241099e-01 6.308975714306716553e-02 9.196000336178306034e-02 1.308627065738271131e-02 8.045948090770914385e-02 5.290903836852812320e-02 5.678825971356971786e-02
8.395792387319490901e-02 7.113756781665125928e-02 1.073524931037424940e-01 8.413909996891819065e-02 9.170829132164232123e-02 9.241893595480556167e-02 1.715761845452355022e-02 4.565978468453103095e-02 1.272301383616018799e-02 2.008112968875558693e-02 1.087114411903699202e-01 1.122089863529040499e-01 7.867626420606153859e-02 7.406744954773940293e-02
1.288209603144898907e-01 1.033936464589857301e-01 2.597241051498024381e-02 4.118516636202858988e-02 1.392319897488004665e-01 1.067027386492071933e-01 3.437735096204246055e-02 7.670730045134363517e-02 1.152289300349257882e-02 3.505286414557436808e-02 1.277237261949316638e-01 7.829478285358097700e-02 2.611209116178866627e-02 6.490207917875351340e-02
1.153051804672290820e-01 7.811403229900500123e-02 8.000550929276305234e-02 6.863281301264341321e-03 3.431617258081322459e-03 6.566499173386700083e-02 1.246343214223754048e-01 2.757807672510226640e-02 7.017382071861015536e-02 1.138114060216080872e-02 2.388563729045662613e-03 1.492715258221561370e-01 1.298034757005454287e-01 1.353844629277942690e-01
8.639296647758905323e-02 5.716660935696198792e-02 8.247556712182090022e-02 1.087967888193806659e-01 1.101574046183847883e-01 7.677589048869463972e-02 1.209120932453468106e-01 2.825989183520668038e-02 6.053405857362861159e-02 1.450185184464767088e-02 6.759065921013938938e-02 7.317780318276725926e-02 3.224676651374555614e-02 8.101164871168602122e-02
9.031145303142545933e-02 1.173003788524782376e-01 5.444450690854785863e-02 7.729757440750768815e-02 7.672994406589178640e-02 7.475117281188214946e-02 6.668167132357423477e-02 3.024210174180166216e-02 7.222002907637919966e-02 1.126515922776259865e-01 9.066123695589842213e-02 6.565037093683250523e-03 1.466933171884993560e-03 1.286763682814190957e-01
6.645028188273020830e-02 1.025618674026838456e-01 9.948807660976126399e-02 2.220730110579552385e-02 8.138071373602227820e-02 7.003759838853898523e-02 1.000311032897029384e-01 7.197443114995233371e-02 1.139175240593088279e-01 3.756297623703781785e-02 1.782362902777628877e-02 9.990238355780881041e-02 4.156652886004565117e-02 7.509558469283526827e-02
1.731240566847021545e-01 5.208619191632606754e-02 6.118615412926751984e-02 8.725679860763224660e-02 5.762945247724607541e-03 6.773682233056153856e-02 5.608006347160353344e-02 5.244586113917237141e-02 6.164885633077694937e-02 1.026298871581435117e-02 1.127307360032819006e-01 6.102020334724404110e-02 1.762706566266939723e-01 2.238766544919883542e-02
9.355296804199735028e-02 1.016402919353127099e-01 2.483170320217669043e-03 6.319141034163477944e-02 6.137998936150326074e-02 1.113488437553242227e-01 5.262929165153604205e-02 3.748761158304486467e-03 9.713994510559904871e-02 8.652512816314320010e-02 1.067244733022715691e-01 1.832820539671026205e-02 1.126528827410283040e-01 8.865463872541713697e-02
1.279872486552095234e-01 3.456066150804835979e-02 4.591352348183841935e-03 1.736508979337332559e-02 6.893405814207184679e-02 1.110529516919345344e-01 6.465374080296620862e-02 4.191936549953888258e-02 5.001796739740116404e-02 6.466223532731810164e-02 1.412781264727119290e-01 1.357231587842235576e-01 1.781904583865583439e-02 1.194349977383628858e-01
9.890691536332014977e-02 4.687974489037272791e-02 1.306195185403290389e-02 9.617134178688628576e-02 6.892827620704097824e-02 1.686591294177917086e-04 1.253341770719527126e-01 1.112035302849933294e-01 1.318450600658659377e-01 3.460011871458632676e-02 3.728968403704795848e-02 6.632476996594507956e-02 9.013568009637806799e-02 7.915009053215972534e-02
8.112549088862863744e-02 2.422881474958778897e-02 1.043441278239018166e-01 1.160868340738526877e-01 9.900108709071768487e-02 5.640705628339124506e-02 1.171834294868480258e-01 3.017753919201441107e-02 1.203157988308735660e-01 1.158503003970380932e-02 3.576861106392829198e-02 5.495376760090495832e-02 9.871055997672807669e-02 5.011185289891910422e-02
1.132315837510176476e-01 2.898505935123580485e-02 1.105482988513662029e-01 1.136670306849190543e-01 6.336697845907444948e-02 7.606388528982460651e-02 9.598697329911715093e-02 1.154759767861051750e-01 4.060793259460770965e-02 3.427559146620447195e-02 1.256152320932540367e-01 4.548133297334470276e-02 2.197926878291782404e-02 1.471485561701121186e-02
4.217924950605639323e-02 8.739963267985927098e-02 8.958910632723612877e-02 3.170412605110250331e-02 3.278281182034605001e-02 3.955742338565100547e-02 4.558523884012193050e-02 3.083049543533649545e-02 1.197037118259823285e-01 1.025086061232231144e-01 1.000666425139797866e-01 7.713565521893955834e-02 1.191052495734028494e-01 8.185205069876252959e-02
8.388710976190542901e-02 8.751977221092376025e-02 3.976231305728702980e-02 9.543357853294218152e-02 9.373211349721784214e-02 6.494771258174061868e-02 2.739374065947699013e-02 1.043807075235486242e-01 7.041685840161575338e-02 4.909748459698914935e-02 8.092659413269161217e-02 1.056385471747793986e-01 4.931838463044290605e-02 4.754508323843879836e-02
3.140610535579989315e-02 5.661101089263851499e-04 1.057139908365621467e-01 1.014514342825469373e-01 4.703662536614915124e-02 1.467706341046268459e-01 6.621327859168531227e-02 8.797785627947019016e-02 4.900455128247986625e-02 9.594223175905017276e-02 3.901997347631408486e-02 1.230003286572871335e-01 7.878325413641021346e-02 2.711362576269169683e-02
1.595616603297318054e-02 1.118289212508414981e-01 8.675379156874191144e-02 1.274967350443675408e-02 7.380822507956645573e-02 1.083621630062003988e-01 1.268037182903248294e-01 4.618016650370673770e-02 1.038998319312475910e-01 1.012582162789562590e-01 4.209939294892767192e-02 9.366649628914448800e-02 6.698244597686850432e-02 9.650791338063718222e-03
1.023364176402329490e-01 1.935281328260053321e-02 5.521897880405531728e-02 1.188232378766252983e-01 1.036920315399425530e-01 4.827958013069150178e-02 2.003731017733836536e-02 1.277075653877463857e-01 8.823777553817215014e-02 2.144108405723985436e-02 1.135275208577217060e-01 8.927813319976893661e-03 1.020955885684448339e-01 7.032228281921183710e-02
1.213008996649844740e-01 9.850908639180361304e-02 3.140404498792920968e-02 4.379911068449381800e-02 1.217534994816023702e-01 1.247225527867456586e-02 1.020682758897900437e-02 1.178167948479082322e-01 1.068307848832641127e-01 1.435473780872058847e-01 3.180130075211689417e-02 7.128160152184917497e-02 6.367680944145974464e-02 2.559960638772892580e-02
5.889597959510158715e-02 9.196709837628082307e-02 8.507414547379126002e-02 5.614636287475974902e-02 1.026948481819010273e-01 7.905580804856693344e-02 5.295686998476956814e-02 9.840712945286285429e-02 7.821687469491830913e-02 5.143261354270818597e-02 3.517553090643572161e-02 6.388652269090669411e-02 5.349899810315678766e-02 9.259121807384056158e-02
1.610164217458890934e-01 1.501025968371121344e-01 1.334466694423090127e-01 1.682038009154671401e-02 7.552711925407384896e-02 1.163520853705225233e-01 5.642953268551944429e-02 3.190000254111097916e-02 5.906728981328302625e-02 4.183445506748388609e-02 5.414065965118135954e-02 7.007721216533309427e-02 9.832221604394536518e-03 2.345335373024047196e-02
1.291439850356896624e-01 1.071523745997972482e-01 3.479016268334117479e-02 1.446291426779491573e-01 3.613817291719471220e-02 6.895356078882604323e-02 1.249549235093209282e-02 6.322282609982379786e-02 5.161097248612336180e-02 1.236332316749459981e-01 1.008418827876743085e-01 7.659400667405844368e-03 1.111581718039827971e-02 1.086129780498981956e-01
1.340749687714201388e-01 9.541781918210290314e-02 9.430217488408162985e-02 5.821985669622996296e-02 1.155037106332459929e-01 4.979851981013652673e-03 1.323123399327129635e-01 7.733794758413102544e-02 8.219071369314967512e-02 4.799358429719709218e-02 9.702830687383357661e-03 9.332665355085933978e-02 4.443127584619303849e-02 1.020627226027914433e-02
4.866637174475981625e-02 7.848400458612724354e-03 8.136181229174485607e-02 1.037339853656008559e-01 2.897873062866364313e-02 7.559999201063782870e-02 6.490312572386289225e-02 1.156441313173858926e-01 8.723667012575436752e-02 1.335042806076928469e-02 8.730007665057626376e-02 9.962931250787371296e-02 1.183207917547943883e-01 6.742617135896333824e-02
5.845594394035492219e-02 2.873208462029926136e-02 1.221336906431506886e-01 1.018163668675618749e-02 1.007861355339383508e-01 1.253367486034341061e-01 1.141162119169882860e-01 1.253228119957150721e-01 7.161990033635873276e-02 6.800080380987352791e-02 1.029159538615384561e-01 1.354691776553995641e-02 5.500690815986538501e-02 3.844252126186835112e-03
7.351979692282610557e-02 1.029861541297467931e-01 1.141611180094089933e-01 9.619994368479582725e-02 5.991887328329426055e-02 2.606710311183901146e-02 4.000124947893862748e-02 5.507636342621016062e-02 5.799130610555792292e-02 8.482446541353995395e-02 7.626760651649348854e-02 7.634779175405195795e-02 2.645877884600141353e-02 1.101794493172955358e-01
1.587345065439256520e-01 1.564483820966882377e-01 4.100014279675692243e-03 9.158412769381128749e-02 1.224194035582436696e-01 1.121916580100716931e-01 4.647019651612036700e-02 2.656618428381881530e-02 6.331596254574783922e-02 9.989068501767390043e-03 2.077068416093292777e-02 6.513830720370684946e-02 1.116615287109313792e-01 1.060997589455809145e-02
1.034507233629749778e-01 1.195728564838258734e-01 1.366999740403381236e-01 1.731363886583130868e-02 2.297762142630602276e-03 1.437569546272912391e-01 5.792962874174531485e-02 8.047855654007975146e-02 8.955617679754655780e-02 5.333771931340510614e-02 8.905032647428356984e-02 3.480267842787791027e-02 5.677484154198823851e-02 1.497816264018135904e-02
1.157002687415078362e-02 5.732225931990252848e-03 1.157100813871372452e-01 8.075856071824213944e-02 4.558383028368522688e-02 1.217088246753435521e-01 1.148922495290285867e-01 7.807021495203049499e-02 4.885353120382144448e-02 1.182065516010912531e-01 1.033664964123288815e-01 8.706048781353079025e-02 5.042970518156748849e-02 1.805721343605193666e-02
2.822117811167337148e-02 8.545499298952491385e-02 1.409664328818585333e-01 4.563811301889112576e-02 1.351110670901101984e-01 1.347695205129067209e-01 1.065222359011177011e-01 3.784049593966539587e-02 1.231130144098522144e-01 1.586240020946002444e-02 1.408400549430618119e-02 5.995612217171686874e-03 3.237892738614753935e-02 9.404200383731432800e-02
2.996498376016881043e-02 1.021982224622057372e-01 9.589238344089059951e-02 6.782649467405368893e-02 3.243676584731160911e-02 2.244819913678362810e-02 1.601107935334384613e-01 7.149264477447417332e-02 5.679626141196655181e-02 1.104834858271844383e-01 8.196319862778007892e-02 5.214695171531947594e-03 1.273635591404826684e-01 3.580831219172758012e-02
4.785396507848260761e-02 2.607138497897249635e-02 4.633476399277599439e-02 2.491049967523107853e-02 1.262929144772345080e-01 1.807124732228377884e-01 1.034303099489153506e-02 1.555386803461914491e-01 3.951991348829463069e-02 1.244749589246934712e-01 5.356811226908141793e-02 3.390485816862854468e-02 3.708014436667340930e-02 9.339430001601102538e-02
3.552415031022870817e-02 6.898614311457391957e-02 5.297180956501128246e-02 9.106213519838726733e-02 7.114605708954085950e-02 5.985745925347452784e-02 1.296790762786566853e-01 3.623285577863813445e-02 7.264951668302052634e-02 7.624075037916334258e-03 3.256514930571449608e-03 7.923588249804533468e-02 1.488841691788891364e-01 1.428901550830457556e-01
1.698495590545412871e-03 7.030633360332467531e-03 3.478986005933666636e-02 6.664278609377845275e-02 6.095715596828295280e-02 9.588566164784315116e-02 9.199657819300957606e-02 9.369785947797279468e-02 1.051662969713364065e-01 1.160490889962172839e-01 9.689067554025333762e-02 1.004981821257889402e-01 5.558007781712380468e-02 7.311664815817871255e-02
8.044565057088172433e-02 6.493468203124586058e-02 6.164599664818848357e-02 3.943794575224515014e-02 1.107236285778291779e-01 7.111718619347878745e-02 7.211060555891522783e-02 6.158802629598569139e-02 7.504757221370415843e-02 8.344080767198631954e-02 9.357016336540468354e-03 3.535614795721150200e-02 1.353270858053875203e-01 9.946764838639987616e-02
1.113200875961035674e-01 2.797791211487960644e-02 1.812924512511386241e-02 1.151514409243899612e-01 7.186811727597075539e-02 1.124948233495895594e-01 8.133191704371124653e-02 3.847234271203944789e-02 3.967096083188315775e-02 9.612506707545943885e-02 9.914621862226501159e-02 8.244196568016996796e-02 3.532569285466641371e-03 1.023373323629577919e-01
5.210095091073013718e-02 6.951064174873958224e-02 7.798392889480500190e-02 2.227737069862366012e-02 1.430999221628762308e-01 1.095883468941093175e-01 1.141372767996930854e-01 1.151174137829581307e-01 1.022060862650954124e-02 2.450987750952020663e-02 3.484492873729794216e-02 1.127528140655794792e-01 5.860397567420972016e-03 1.079955216011367902e-01
3.738650509207985112e-02 1.209468326408338901e-01 3.459990804833335681e-02 1.106298886969908114e-02 6.610760184025421538e-02 6.646294383605302891e-02 1.252172741702028691e-01 9.989310386869107439e-02 6.964154715521422845e-02 5.134700610141036681e-02 1.361788426595497425e-01 3.342597561171862380e-02 1.465586481538697083e-01 1.170821952090150050e-03
1.291212909541917253e-01 7.340471531140703443e-02 6.258723795551522640e-02 2.887836315815641916e-02 7.098965765018140639e-02 9.709871013548443397e-02 1.555755158941624430e-02 1.381225734251259329e-01 6.159764604156731799e-02 2.831844128871075644e-02 1.283635193116975104e-01 5.618921751649828128e-02 3.737190148929331324e-02 7.239917417275448797e-02
8.492944400302282482e-02 4.912103328625969795e-02 1.052924480522414302e-01 1.470046748309938173e-02 1.255493928694350059e-01 4.707742478953184928e-02 5.824376999524481791e-02 9.854211948248005337e-02 1.665523536373806138e-02 1.733907310571747296e-02 9.314908578685456020e-02 8.732984454018848097e-02 1.232300322528866454e-01 7.884062898929974916e-02
8.895940926209319755e-02 4.951485451953838851e-02 1.105657303301564864e-01 9.101648289990077467e-02 5.543997823319486012e-02 6.435388092708184404e-02 8.113093109095556588e-02 1.918588690608108160e-01 3.967523261230001402e-02 4.759821652778579992e-02 1.185547885542391489e-03 1.443462046587892442e-02 7.499379684763009257e-02 8.927244933713057717e-02
9.966377275444211759e-02 4.788655887082513690e-02 9.598391824298653507e-02 9.938396843448159268e-02 9.353893087547038299e-02 9.091134549547444377e-02 5.823796835153371987e-02 4.912749333546205521e-02 9.731392186623211149e-02 5.587473165928991820e-02 5.186900285641856539e-02 6.798443949480864612e-02 5.410582782013857034e-02 3.811811994243633622e-02
2.148378842148045489e-02 8.316694680782851790e-02 2.802472562852865198e-04 1.387570505881768890e-01 3.221443299679632721e-02 1.399737008598737897e-01 3.466032387252981212e-02 3.515468853538948613e-02 1.349985359884651737e-01 8.315847641586184003e-02 7.374928581862862098e-02 8.160801501511258382e-02 1.742167537506759262e-02 1.233728320485037860e-01
1.323646625056724146e-01 3.355158722110467701e-02 4.318735209043429724e-02 1.303781753335979676e-01 1.545704541602867417e-02 6.281095037068595843e-02 3.967091734065453928e-02 1.194985309611132016e-02 1.659182699498885222e-02 6.212388335145666712e-02 1.219698311232986082e-01 1.521274113425547247e-01 8.399943599538434169e-02 9.381706781802691408e-02
5.228722647740006307e-02 6.608441025748655606e-02 5.943144443524038534e-02 9.415003756892349751e-02 7.477971859914678276e-02 1.149557353535345661e-01 1.336095522148434689e-01 9.732540670440732733e-02 6.801277245068211574e-02 8.233394406403679588e-02 6.456458154290885265e-02 5.988313426072777029e-02 6.152551782078852227e-03 2.642948428858316046e-02
1.481316960085108381e-01 9.081184676495732133e-02 1.345611469510855571e-02 1.356664804641834199e-01 2.441056482444600717e-02 9.787916209450985006e-02 7.517255649298061615e-02 1.022149196549576866e-01 1.236834849572993056e-01 2.306299177650804680e-02 2.752785295197538243e-02 3.775026832932846382e-02 1.475113320736867045e-02 8.548092777786582552e-02
7.672753006715439528e-02 7.404969512072735738e-02 5.862471114411094142e-02 1.003323588664411514e-01 7.380690399482914277e-02 6.746051390016685745e-02 1.714281679137719464e-02 1.060550697913044821e-01 7.851174519355162695e-02 1.100992933040539912e-01 2.871392635759734135e-02 9.195736634351565908e-02 2.043780292597635443e-04 1.163136910959100545e-01
2.420134640368628784e-02 1.498278045194932906e-01 2.528165573555255993e-02 5.633369077497398653e-02 1.300490720777391640e-01 5.445816406785734809e-02 9.209365756576828876e-02 4.172189275773363626e-02 1.098313266514815839e-01 9.087773770404909690e-02 6.505998239619173451e-02 1.191184299063638603e-02 1.801910078005888524e-02 1.303327255747778468e-01
1.106980515620567818e-01 1.074263336199712260e-01 3.390916703194652576e-02 3.370375180076635308e-02 2.736997412508498950e-04 9.999310303787056764e-02 8.047154867583553028e-02 5.647049790133799180e-02 6.859606041202064020e-02 6.017512458559536037e-02 1.062755026940369191e-01 8.809293305722874778e-02 1.189051380687270454e-01 3.500908781135554648e-02
3.491899921980562427e-02 1.160638625162282132e-02 4.903487411801506213e-02 1.491702094276147472e-01 3.322276034912775237e-03 8.707300288658509357e-02 1.244113384379118420e-01 1.742625875444030886e-02 1.074503623615716136e-01 1.341437892158756084e-01 9.019792281193998729e-02 2.481957305809836048e-02 1.173615643255473684e-01 4.906344309605866622e-02
2.848128954492583353e-02 1.804596825755598946e-02 8.320455420590675065e-05 1.268317539647847714e-01 4.805567774558534844e-02 1.303996885644526649e-01 1.095260358293619063e-02 3.118344451871607123e-02 1.829794337769259094e-01 1.035742626625698326e-01 9.125994712720354729e-02 2.453679146815079468e-02 1.242713075261231009e-01 7.934462670586417410e-02
6.694832713848662686e-02 8.836613693003461667e-02 4.262462077704445157e-03 9.644297855207890902e-02 9.085519209646905625e-02 1.077221672503915068e-01 2.095847473561416804e-02 1.029559113647557367e-01 8.733127239295292166e-02 6.626796287216883685e-02 3.461356856270800947e-02 8.771148669458370128e-02 8.768685882399503140e-02 5.787720050805664901e-02
3.718712042503209692e-02 1.047980794874132926e-01 3.570854856942027450e-02 9.868463836522380073e-02 1.068736475782368633e-01 3.078815813557378434e-02 2.356269808177398686e-02 7.290898627497954809e-02 1.194385887418464298e-01 9.627537456819384998e-02 6.545120360790177005e-02 1.311820798171960956e-01 2.583077396247690852e-02 5.131010238473130564e-02
1.206655911981321799e-01 1.264585986735315692e-01 5.570357608568586583e-02 4.705910343457528344e-02 2.589526172470998575e-02 8.881243907134364624e-02 9.774401533871462933e-02 7.566011671723214815e-02 5.434609503375232437e-02 1.931038544718838334e-03 1.273655887844059031e-01 9.333673769050845892e-02 1.805308294106768366e-02 6.696875476162132690e-02
1.050944891081110125e-02 1.031841844971599365e-01 5.098524847512751063e-02 1.291671107608104996e-01 8.550280921167997816e-02 1.022507146179695986e-01 3.825546098341678358e-02 1.388996058558504554e-01 5.074272781905028729e-02 4.883749724303358686e-02 2.104013753716473673e-02 1.005579704462994800e-01 1.166039365161706809e-01 3.463147125455279599e-03
4.657945035676261565e-03 1.256232981520221670e-01 1.078834517468621607e-01 9.738129501358168405e-02 1.167981726286858174e-01 1.087348950295469532e-02 1.251320821800518956e-01 1.207108687445442446e-01 4.821158196094851162e-02 6.565501817657001804e-02 5.031303674695466327e-02 2.363156441655422935e-02 5.394826884850142945e-02 4.917992684609217430e-02
1.959368049596400541e-01 4.502210127791067551e-02 1.079834078128046465e-01 1.843268902209223292e-02 1.832284788806712861e-01 6.000799795152604588e-02 6.942611687505034247e-03 2.996232349154229202e-02 9.117784695025682451e-02 3.540323403722080847e-02 1.239216323043667162e-01 1.799034473915723858e-03 8.818353165905183644e-02 1.199830549149572684e-02
1.026635078591371375e-01 2.448770097375659385e-02 1.316042055548147065e-02 4.142841417611659027e-02 8.604274375459160240e-02 3.352525207664196205e-02 5.930241770055928036e-02 1.287375226383794535e-01 6.285129700300631783e-02 9.349547134917654545e-02 5.966629728713612052e-02 1.329051739308024505e-01 1.287041852880633774e-01 3.302959540715115494e-02
4.972176151777727565e-03 1.230815124063099203e-01 9.678513394212948096e-02 4.830785988902392553e-02 1.029051466774251328e-01 1.123822383163631949e-01 7.907808023903417638e-02 1.035982147258711072e-01 8.083461642032503669e-02 4.962426488391518536e-02 2.338718688862488626e-02 1.926955534440068923e-02 5.465180190989753911e-02 1.011222122049021260e-01
2.480987843495476367e-02 3.194589994116833059e-02 1.231306680818686078e-01 1.247911548343475785e-01 5.584921334384637670e-02 1.183347528067393989e-01 6.395119487368150502e-02 9.275470252316779518e-02 5.840751489955190584e-02 5.689858726217494195e-02 8.049626247799392120e-02 7.223432234133435326e-02 7.566519960396826672e-02 2.073064857520220267e-02
5.723666832746542033e-02 5.182080460120121884e-02 9.627754354778253476e-02 7.064038737330224915e-02 9.514485453598606202e-02 1.149707854656420863e-01 7.921108824578880492e-02 5.698965602623930204e-02 1.256015284754105066e-01 7.510542117505713752e-03 8.770905715273284720e-02 1.724560453955969325e-02 7.108653544838101912e-02 6.855494414300260242e-02
3.334252609383898253e-02 7.036257537217545377e-02 1.116092421376841531e-01 8.733743880512617741e-02 2.495569167781292938e-02 1.254391643475597506e-01 2.938330905599931698e-03 1.088598459920704226e-01 7.528784226026759285e-02 8.311799904172495479e-02 6.681491738445881345e-02 1.077019059897511011e-01 6.545766018207750669e-02 3.677485980985226860e-02
3.579487365209299554e-02 1.355294467780139220e-02 8.534811619452922771e-02 3.828494958953894411e-02 1.035721364320490862e-01 1.183592590968379349e-01 5.880662023026315272e-02 7.646819360282089417e-02 5.851842000280481348e-02 9.069533798878415265e-02 4.049269526049679990e-02 9.916300437395414447e-02 7.453582815587594945e-02 1.064076207421503911e-01
5.940818438290485642e-02 1.026680402135100034e-01 5.736197965413143696e-03 9.214452943696039428e-03 9.059700223125878582e-02 7.789387919829464380e-02 1.108801636504250787e-01 8.735156713986612018e-03 4.622356981818818294e-02 4.722165904582110996e-02 1.401093378602116246e-01 1.071425381081885092e-01 6.766116730636931309e-02 1.265086505617320223e-01
5.815973424510426787e-02 3.524990438005686389e-03 5.718069477462857549e-03 6.251602484368808110e-02 6.922128742758400233e-02 1.027059069250925161e-01 5.706986915259145560e-02 1.010592272068628616e-01 4.372975556877985864e-02 7.714474783394405233e-02 1.014407001489003590e-01 1.151469114588309639e-01 9.755952915214591292e-02 1.050032461210070045e-01
5.172369849501884387e-02 1.863184711982489999e-02 1.011786413440832200e-01 1.486821959425593288e-02 1.012635090796460274e-01 9.963155763681597055e-02 6.540340988352717766e-02 5.620488692251011248e-02 4.339579111093875424e-02 2.603493894148130317e-02 1.420965264722537091e-01 7.950510546518514687e-02 5.166788566708321179e-02 1.483939822673755737e-01
5.207637015164941902e-02 3.390030519943740273e-02 1.143736613681990560e-01 5.587841486694319904e-02 5.076023504971365063e-02 1.392397291825415127e-02 1.121405922285794443e-01 2.812259616257635139e-02 2.968345709867566823e-02 1.237831986642805304e-01 1.134789792965751470e-01 7.889898989542373786e-02 1.322156258128233675e-01 6.076360128686902895e-02
3.072784450992891922e-02 1.075347069642722253e-01 2.674595418650870665e-02 7.332778539363292436e-02 9.008485146541322930e-02 2.910897756010458626e-03 5.701893479974617929e-02 1.999310197940461567e-02 9.053264706050373478e-02 1.772184051964892718e-02 1.315829362454510876e-01 6.101553431010189182e-02 1.219676453093600788e-01 1.688353195000171503e-01
7.098947038038329327e-02 9.195824888096833238e-02 9.288274207122612647e-02 5.382661174456970093e-02 9.912278716983338733e-02 1.287726221892462608e-01 9.385293827659918486e-02 2.690134112878982478e-02 1.975859219945775951e-03 3.856351564933600817e-02 1.031941384848680948e-01 5.937333449194766993e-02 5.359263459884243408e-02 8.499375571344400249e-02
7.027696411053667436e-02 9.723756734016236747e-02 6.761357645020961427e-02 1.004267650226744052e-01 7.562963699319570632e-02 2.975676048304850413e-02 6.489296215388999645e-02 7.304679138987800469e-02 5.981818002771366327e-02 7.650285320521102439e-02 2.790501374405829002e-02 7.351179003067812023e-02 9.361715625808304797e-02 8.976398279066048758e-02
1.481436619561217645e-02 1.163026915260986505e-01 3.315550340445938549e-02 7.751237694637280436e-04 1.861838525522007889e-02 1.296849147636360833e-01 1.311634068190654923e-01 1.033013876014815674e-01 9.519900385610818860e-02 2.978416727107659895e-02 1.294191209339058124e-01 4.846040766630421714e-02 1.129905076293877819e-01 3.633101330818026137e-02
9.389602007939981676e-02 3.873241842876207208e-02 4.926765542530506248e-02 8.341477878752470709e-02 8.395592610535844436e-02 1.273878406889284165e-01 4.909571272592685998e-02 1.056020895927818476e-01 7.962348066305377503e-02 6.908492945428969245e-02 1.501778513617906333e-02 1.331930429453991316e-01 4.958580590522241108e-03 6.676973937656888181e-02
3.123563005307857313e-02 1.272656435709282607e-01 7.530398891608236500e-02 1.729904965674046793e-02 3.739352761112597900e-02 1.558562245633716425e-01 3.421520586894974403e-02 5.730204037232815295e-02 2.943811177206352020e-02 1.657990151547006352e-01 1.262892902288320907e-01 1.472464825008558235e-02 1.068582134295841674e-01 2.101941055212878245e-02
9.315199950428702802e-02 3.092029024937295936e-02 4.369909961747929505e-02 9.088604146024276131e-02 4.176954932289345113e-02 4.634407329442402634e-02 4.274972485848371750e-02 6.072781086190529032e-02 7.099393421903731072e-02 6.517406649928762785e-02 3.247274329540709992e-02 1.361658372669315997e-01 1.473929743111035695e-01 9.755185523914416956e-02
5.149479370076172347e-02 9.507481085960917122e-02 2.827787032363379346e-02 2.593032252003855953e-02 7.573519079661998610e-02 6.223301348320859488e-02 5.735056753214065606e-02 5.971205430118176755e-02 1.092821007615197987e-01 5.962615299650570605e-02 9.989266730381278492e-02 1.004448143494509754e-01 9.000924299325960276e-02 8.493639807825664745e-02
3.260885666548055811e-02 9.408422035402992656e-02 3.086505976817147806e-02 2.564529448644146947e-02 5.059282676406249429e-02 8.245080432342084820e-02 1.166329937287909346e-01 9.725213410908592482e-02 7.050480785725779520e-02 4.043022670350673864e-02 8.139897750031747925e-02 1.210163962551597111e-01 4.440714914564430210e-02 1.121102523386302563e-01
1.133114724218830527e-01 8.873110066457175205e-02 6.709407655925014868e-02 9.381005426192867702e-02 1.196126115164454634e-01 3.306031880361392367e-02 5.583612908068458225e-02 6.949788955278348758e-03 1.022677416037529180e-01 7.380360289198184542e-02 4.777745270784383713e-02 7.669793162431447903e-03 1.040869469225110117e-01 8.598891044782284998e-02
1.069940017784076491e-01 1.313272270513533846e-01 1.372617901804214224e-01 1.346640781212360936e-02 4.761943574692713288e-02 1.051653901561493132e-01 4.634403321833336503e-02 7.442703261491805111e-02 2.238427784219570310e-02 2.547136432691249341e-02 9.203555731048597421e-02 6.680649293097620789e-02 7.205865479791848105e-02 5.863833423287726637e-02
9.880980519786886074e-02 4.564978162087961894e-02 3.356614062642938184e-02 1.021501293257829068e-01 5.034114093423402297e-02 9.290979813491535844e-02 9.097196942514654272e-02 2.742393431912616350e-02 1.012307033154353775e-01 1.151861092867959707e-01 3.429992698009469432e-02 1.232997537355108308e-01 7.456485681056465586e-02 9.595950287215569696e-03
9.658798330846725400e-02 1.380061444815892935e-01 4.233156444427978171e-02 1.422371977105956441e-02 1.004493081480165861e-01 3.061050764519809841e-02 7.517572074120816572e-02 1.161142464892385290e-01 3.104378307074784002e-02 1.025711944083056992e-01 1.418345449718335094e-01 6.208072269895807335e-03 2.463081060616129081e-02 8.021239964399852485e-02
2.713076157705935840e-02 9.097691525226378473e-02 6.268149481828436120e-02 7.895341854620056832e-02 1.118883142830430846e-02 8.091922572408526138e-02 1.049752973402447442e-01 1.098799022503079009e-01 4.602118274514329505e-02 1.620400796716626318e-02 9.054293552472073014e-02 1.237637546902850827e-01 1.131270602541496056e-01 4.363521188178465932e-02
1.347231544474131182e-01 2.098392231191489182e-02 1.403945756335791550e-01 8.359531440390505219e-03 4.311692002422167630e-02 6.617680640048610730e-02 7.267434526131924533e-02 3.655596231858813938e-02 1.130815940992351415e-01 8.120700485229365162e-02 1.941925027531855863e-02 8.578619200871748229e-02 6.937815078807516023e-02 1.081425901384472504e-01
9.754652105079912594e-03 1.101946253303649932e-02 9.929014906998874512e-02 1.033675195968063176e-01 1.525097042234799249e-01 3.100710851773765334e-02 6.365660462142667952e-02 1.484613249914847888e-01 2.342431630840844520e-02 1.649824386342726643e-02 3.303901243530974613e-02 7.815116770905329580e-02 8.067902043355131003e-02 1.491417135912091740e-01
1.711852636360050584e-02 1.535139012943979586e-01 9.375212323815296234e-02 3.597209029014911824e-02 1.093489930128297566e-01 7.949518884580061145e-03 8.470231636459213398e-02 1.036311728011220235e-01 2.949300717159771684e-02 1.411418433667876449e-01 7.998529146287146341e-02 9.612981714580939169e-03 4.462366102398462181e-02 8.915457301075299656e-02
2.059633496672617567e-02 1.167754096312458717e-01 1.385977102724070091e-02 7.773502442706266280e-02 1.123821561607443453e-01 5.667054267106008680e-02 9.475708291340237399e-02 5.626628669122848286e-02 3.788266024981946228e-02 1.020895606930996152e-01 1.119434735311285734e-01 2.955768702871905754e-02 1.199439405302814565e-01 4.954006947824116797e-02
8.905422356350341240e-02 4.922064767103297850e-03 1.041394793226838589e-01 4.312114496226461535e-02 4.784896928242535902e-02 9.819165326739920374e-02 1.035126330138728679e-01 7.047159355859425323e-02 1.151902334221243801e-01 6.394684610859445451e-02 1.249382008442883746e-01 5.840522104720802937e-02 7.314295498908074400e-02 3.114781850857159095e-03
1.278657576555530251e-01 9.041103279825976613e-02 1.331729398642096385e-01 1.119340811741005998e-01 1.246506164025550228e-01 5.789407816646435084e-02 1.455833991424085533e-03 1.065822086706344485e-02 3.771832477816554341e-02 1.027886746456559697e-01 5.269126104035194713e-02 2.159266044028490192e-02 1.023139488462589536e-01 2.485256932965284465e-02
6.560505634706403910e-02 1.689997012225583767e-02 1.065650341947781965e-01 4.871456616293964176e-02 4.957674236000549073e-02 1.120179562976496984e-01 5.604453738170823290e-02 5.114954472630413307e-02 1.201828303348292104e-01 1.057698757846479570e-01 9.661106690128143382e-02 3.894160370312262087e-02 7.956931955870191753e-02 5.235189612471161796e-02
1.626530643571774681e-01 1.502209470443880701e-01 8.705427183938611868e-02 7.834559677298366664e-02 1.119185895861510016e-01 1.206921654579881740e-03 1.073076885805384489e-01 3.635978557097281627e-02 1.050646758689241858e-02 1.578768467300351031e-02 6.714380849418037644e-02 1.218973734020165761e-01 2.263785764179591237e-02 2.695994279593380907e-02
8.483583176967948725e-02 8.194435882720821351e-02 1.107441588523367104e-01 1.060639169798496401e-01 9.518412690781694052e-02 5.271017492828909690e-02 3.599356096812870998e-02 2.590262926852716181e-04 4.852702741005940346e-02 7.205505823268643084e-02 1.191903758728747043e-01 9.540369140194254749e-02 6.441617381118863728e-02 3.267251774525425922e-02
1.053241190606552108e-01 8.646634565213223711e-02 1.993624670730808485e-02 2.575199437578604492e-02 1.161857516174987920e-01 6.232600145452843465e-02 1.019841684783687613e-01 9.001499264780464526e-02 1.290721960945130364e-01 3.171389791332171471e-02 1.010982323183720610e-01 2.484461694275377427e-02 8.752925332224549548e-02 1.775218341471172107e-02
8.569088578129029077e-02 6.609917334868617433e-02 4.322738596577212905e-02 1.458841405201077301e-01 1.454507532535249947e-01 1.128804111806378484e-02 1.255090591851205639e-01 2.284897248211915574e-02 1.009642686169996278e-01 1.046750775002613376e-01 1.223013188999892836e-01 2.857257874559124104e-03 1.842195144970132717e-02 4.781714003804364219e-03
7.560197620726150439e-03 1.351747577810069600e-01 7.515753198360196341e-02 1.607029111453951026e-02 9.086993318624313198e-02 1.623702423577162435e-01 2.053679088782571147e-02 5.495748619761163523e-02 2.972645573066815244e-03 1.267915373408624591e-01 7.083984618769378384e-03 1.407456507130901979e-01 8.121236660694632070e-02 7.849658401799362861e-02
1.980585072974506977e-02 1.601496593891617026e-01 1.653256192221947210e-02 1.002688770613586744e-01 1.518574186947245219e-01 1.606658143702637681e-02 9.278267321995181671e-02 8.718055243005962129e-02 3.013262358028140353e-02 7.090693142273023220e-02 1.775191822103900155e-02 3.730481611127604846e-02 1.596271997546795662e-01 3.963233602574666586e-02
9.385774162481858029e-02 9.493206434878348476e-02 9.995702274467299642e-02 4.000858880320048994e-03 1.783778289001976963e-02 1.094937003427794431e-01 6.421323028253200782e-02 1.150420659775813204e-01 8.524098066823149189e-02 8.572206151964914533e-02 3.338015142095878546e-02 5.262186598065160190e-03 7.347423355074472751e-02 1.175859191508430851e-01
2.351370743846840222e-02 1.074172974103410755e-01 6.748658474111075833e-02 1.716960494108184243e-02 1.354335111366668058e-02 5.186958565070805965e-02 7.657556791486888614e-02 3.288381152704591970e-02 1.160902835552959644e-01 1.231439950307599007e-01 8.416221548041384615e-02 7.888026103658873911e-02 1.028466146031382644e-01 1.044171195565116589e-01
4.564597380321352310e-04 5.381877970480804935e-02 7.267045206809358282e-02 5.954348003768478170e-02 6.855491228902373113e-02 1.195591578496170287e-01 8.641054669781343678e-02 8.519662921125506494e-02 1.075890725924328328e-01 9.329881043647511585e-02 7.002584985055419764e-02 2.528485431376178982e-02 9.635349465237248723e-02 6.123750055807550274e-02
9.302874539623700798e-03 3.026489867876373113e-02 4.348742117440219240e-02 7.064168080829509588e-02 6.713586243001867793e-02 5.419848654506510127e-02 1.290724425533775199e-01 9.682427810265889501e-02 9.967793238022315538e-02 8.017778993678278954e-02 1.169944371213195444e-01 1.056417231472009804e-01 3.862233043594093251e-02 5.795784214632777182e-02
1.454202872063077301e-01 1.059689006547640810e-01 8.249284000287010477e-02 1.738235428227205906e-02 9.717952114164514835e-03 1.900414222613300980e-02 8.380301188977434812e-02 1.374760009917889436e-01 4.138696599449912319e-03 1.306893792675432042e-01 1.065260976125971260e-01 3.966040500974332694e-02 1.079915322300318281e-01 9.728399912560015822e-03
2.442899323434670131e-02 8.526026350260947073e-02 8.088426493372094517e-02 3.084766671306567697e-03 1.298198353155667062e-01 3.563353879263866930e-02 1.456548190760869645e-02 4.869834203331049882e-02 6.479729516288486313e-02 1.330647850892737183e-01 9.219004098169343575e-02 5.644134825536317041e-02 1.346957610261398930e-01 9.643528309353667505e-02
5.131530993901341209e-02 1.251162556857572106e-01 7.612023139675225258e-02 1.449080719629140257e-01 5.479782549051988305e-02 8.237869567478380006e-02 9.561140090241633527e-02 7.142121117648120299e-02 6.308481219921411275e-03 1.364097668054828350e-02 1.032739128773356718e-01 8.403738608692211398e-02 6.035351201131820137e-02 3.071672889531603876e-02
1.297904110667071897e-01 1.095233885578471809e-02 4.670999880744307331e-02 3.273032559707615696e-02 1.513666952886991990e-01 1.406759345929065319e-01 7.204802019979759942e-02 7.290961668369612403e-02 3.930693626591205692e-02 2.543734874639269616e-03 4.050164720371256244e-02 6.694576933098915494e-02 1.238665771782352515e-01 6.965199405440117286e-02
7.792600126334672805e-02 7.397796693776668986e-02 9.374429396240725743e-02 7.234354732616705974e-02 3.837515954536557111e-02 8.309618644913270569e-02 8.840704960393976075e-02 5.226013212058271129e-02 7.964581196367424842e-02 6.361320496248520917e-02 8.566602719176392988e-02 9.013487980697977575e-02 4.319893509612916099e-02 5.761080377025922655e-02
1.164986382164449052e-01 2.097029937257733831e-02 8.501773668682495455e-02 7.527099877375366399e-02 1.233156536174003226e-01 9.928432508309357335e-03 5.114105680803865406e-02 2.933644164526330589e-02 6.497646532773594663e-02 9.598664627818039030e-02 1.294451811774481043e-01 1.090610557795296809e-01 2.935671910536847770e-02 5.969467470312484619e-02
1.236641226351857248e-01 1.308566303778468075e-02 1.186942876297539945e-01 1.146733641670903275e-01 8.405641204929933941e-02 6.159651523756633218e-02 7.778718979168752767e-02 3.320757537629732102e-03 9.133390627482276813e-02 3.589399722619059097e-02 4.116714986745008409e-02 1.199238994721713997e-01 9.145774697238402695e-02 2.334498810098353111e-02
1.498681213883548136e-01 5.943968559624106945e-02 8.419116326770650915e-02 8.877142265081995609e-02 1.139087995814471455e-01 8.203085154466287568e-03 2.395339183553014950e-02 6.334100143441570574e-02 3.382202824627438768e-03 2.352763457001211603e-02 8.938722971366419578e-02 1.945410151316921687e-02 1.188553140147700221e-01 1.537168464547752633e-01
5.866146019883599141e-03 9.062549508447513558e-02 9.128849133363027557e-02 1.067073385207910202e-01 9.176039101929218955e-02 3.860393739289073867e-02 1.051344753254071923e-01 2.332208957131355273e-02 1.152048870778236839e-01 4.104162529556518169e-02 6.151287543386504963e-02 1.806153075023828741e-02 1.171566794973556008e-01 9.371403767746852576e-02
3.542886794741567993e-03 7.020198573634485462e-02 1.275491453115310259e-01 8.276730839924210936e-02 2.948052173731308817e-02 7.668251992759939073e-02 1.006211965813326864e-01 7.794120180221988936e-02 6.529155975450011418e-02 4.300293516834853558e-02 1.229368890438544970e-01 1.306624576729301934e-01 4.525742769272301375e-02 2.406196437731892776e-02
7.537850907806395440e-02 3.087361723237780353e-02 3.524796245939071371e-02 9.948545953429735467e-02 1.123818980743612195e-01 1.683252114244577352e-02 3.158461626252957732e-02 7.269019573447764448e-02 1.187806030025721771e-01 7.464140892567387719e-02 1.642297718288140626e-02 9.764837193551759165e-02 9.014486169736000976e-02 1.278869977380508727e-01
